9bd730 1c
9bd730 20
9c18f8 20 0 10 10 5c
9c18f8 20 0 10 10 60
9c18f8 20 0 10 10 64
9c18f8 20 0 24 90 4 68
9c18f8 20 0 24 90 4 6c
9c18f8 20 0 24 90 4 70
9c18f8 20 0 24 90 4 74
9c18f8 20 0 24 90 4 78
9c18f8 20 0 24 90 4 7c
9c18f8 20 0 10 10 20
9c18f8 20 0 24 90 4 d4
9c18f8 20 0 24 90 4 d8
9c18f8 20 0 24 90 4 dc
9c18f8 20 0 24 90 4 a4
9c18f8 20 0 24 90 4 a8
9c18f8 20 0 24 90 4 ac
9c18f8 20 0 24 90 4 e4
9c18f8 20 0 24 90 4 e8
9c18f8 20 0 24 90 4 ec
9c18f8 20 0 24 90 4 f0
9c18f8 20 0 24 90 4 f4
9c18f8 20 0 24 90 4 f8
9c18f8 20 0 24 90 4 fc
9c18f8 20 0 24 90 4 100
9c18f8 20 0 24 90 4 104
9c18f8 20 0 24 90 4 108
9c18f8 20 0 24 90 4 10c
